{"id":"twistOffsetCtrl","metaData": {"version": "1.0.0"},"nodes":[{"id":"driverOutputMtx","data":{"name":"driverOutputMtx","type":"pickMatrix","attributes":[{"isDynamic":false,"name":"message","default":null,"Type":36,"value":null},{"isDynamic":false,"keyable":true,"name":"inputMatrix","default":[1,0,0,0,0,1,0,0,0,0,1,0,0,0,0,1],"Type":14,"value":[0.9991183510925953,0,0.041982383329362216,0,0,1,0,0,-0.041982383329362216,0,0.9991183510925953,0,28.963499488666073,-1.1088403827918424e-13,-0.12709474062904194,1]},{"isDynamic":false,"name":"useTranslate","default":true,"Type":0,"value":false},{"isDynamic":false,"name":"outputMatrix","default":[1,0,0,0,0,1,0,0,0,0,1,0,0,0,0,1],"Type":14,"value":[0.9991183510925953,0,0.04198238332936222,0,0,1,0,0,-0.04198238332936222,0,0.9991183510925953,0,0,0,0,1]}]}},{"id":"drivenOutputMtx","data":{"name":"drivenOutputMtx","type":"pickMatrix","attributes":[{"isDynamic":false,"name":"message","default":null,"Type":36,"value":null},{"isDynamic":false,"keyable":true,"name":"inputMatrix","default":[1,0,0,0,0,1,0,0,0,0,1,0,0,0,0,1],"Type":14,"value":[0.9991183510925953,0,0.041982383329362216,0,0,1,0,0,-0.041982383329362216,0,0.9991183510925953,0,52.2579120883744,-2.836862900991415e-14,0.8517231923254532,1]},{"isDynamic":false,"name":"useScale","default":true,"Type":0,"value":false},{"isDynamic":false,"name":"useShear","default":true,"Type":0,"value":false},{"isDynamic":false,"name":"useRotate","default":true,"Type":0,"value":false},{"isDynamic":false,"name":"outputMatrix","default":[1,0,0,0,0,1,0,0,0,0,1,0,0,0,0,1],"Type":14,"value":[1,0,0,0,0,1,0,0,0,0,1,0,52.2579120883744,-2.836862900991415e-14,0.8517231923254532,1]}]}},{"id":"twistOffsetMtx","data":{"name":"twistOffsetMtx","type":"multMatrix","attributes":[{"isDynamic":false,"name":"message","default":null,"Type":36,"value":null},{"isDynamic":false,"keyable":true,"isElement":true,"name":"matrixIn[0]","default":[1,0,0,0,0,1,0,0,0,0,1,0,0,0,0,1],"Type":14,"value":[0.9991183510925953,0,0.04198238332936222,0,0,1,0,0,-0.04198238332936222,0,0.9991183510925953,0,0,0,0,1]},{"isDynamic":false,"keyable":true,"isElement":true,"name":"matrixIn[1]","default":[1,0,0,0,0,1,0,0,0,0,1,0,0,0,0,1],"Type":14,"value":[1,0,0,0,0,1,0,0,0,0,1,0,52.2579120883744,-2.836862900991415e-14,0.8517231923254532,1]},{"isDynamic":false,"name":"matrixSum","default":[1,0,0,0,0,1,0,0,0,0,1,0,0,0,0,1],"Type":14,"value":[0.9991183510925953,0,0.04198238332936222,0,0,1,0,0,-0.04198238332936222,0,0.9991183510925953,0,52.2579120883744,-2.836862900991415e-14,0.8517231923254532,1]}]}}],"connections":[{"sourcePlug":"outputMatrix","source":"driverOutputMtx","destinationPlug":"matrixIn[0]","destination":"twistOffsetMtx"},{"sourcePlug":"outputMatrix","source":"drivenOutputMtx","destinationPlug":"matrixIn[1]","destination":"twistOffsetMtx"}],"inputs":{"driverSrtWorldMtx":["driverOutputMtx:inputMatrix"],"drivenSrtWorldMtx":["drivenOutputMtx:inputMatrix"]},"outputs":{"outputMatrix":"twistOffsetMtx:matrixSum"}}