{"id":"bendySegmentEndTangentRot","name":"bendySegmentEndTangentRot","metaData":{"version":"1.0.0"},"nodes":[{"id":"startTangentAim","data":{"name":"startTangentAim_aimMatrix1","type":"aimMatrix","attributes":[{"isDynamic":false,"name":"message","default":null,"Type":36,"value":null},{"isDynamic":false,"children":[{},{},{},{"isDynamic":false,"isChild":true,"name":"primaryTargetMatrix","default":[1,0,0,0,0,1,0,0,0,0,1,0,0,0,0,1],"Type":14,"value":[0.7405579391662096,0,0.6719925139001897,0,0,1,0,0,-0.6719925139001897,0,0.7405579391662096,0,37.596541895535324,-6.962633364449088e-14,7.706647310845398,1]}],"name":"primary","default":null,"Type":22,"value":[[1,0,0],1,[0,0,0],[0.7405579391662096,0,0.6719925139001897,0,0,1,0,0,-0.6719925139001897,0,0.7405579391662096,0,37.596541895535324,-6.962633364449088e-14,7.706647310845398,1]]},{"isDynamic":false,"children":[{"isDynamic":false,"children":[{},{"isDynamic":false,"isChild":true,"name":"secondaryInputAxisY","default":1,"Type":6,"value":-1},{}],"isChild":true,"name":"secondaryInputAxis","default":[0,1,0],"Type":30,"value":[0,-1,0]},{"isDynamic":false,"isChild":true,"name":"secondaryMode","default":0,"Type":12,"value":1,"enums":["None","Aim","Align"]},{},{"isDynamic":false,"isChild":true,"name":"secondaryTargetMatrix","default":[1,0,0,0,0,1,0,0,0,0,1,0,0,0,0,1],"Type":14,"value":[0.7405579391662095,0,0.6719925139001895,0,0,1,0,0,-0.6719925139001895,0,0.7405579391662095,0,28.963499488666084,-1.1088403827906772e-13,-0.12709474062830906,1]}],"keyable":true,"name":"secondary","default":null,"Type":22,"value":[[0,-1,0],1,[0,0,0],[0.7405579391662095,0,0.6719925139001895,0,0,1,0,0,-0.6719925139001895,0,0.7405579391662095,0,28.963499488666084,-1.1088403827906772e-13,-0.12709474062830906,1]]},{"isDynamic":false,"name":"outputMatrix","default":[1,0,0,0,0,1,0,0,0,0,1,0,0,0,0,1],"Type":14,"value":[0.9796307156466023,-1.4710455076283324e-15,0.20080752217415987,0,-0.20080752217415987,1.021405182655144e-14,0.9796307156466022,0,-3.469446951953614e-15,-0.9999999999999998,9.658940314238862e-15,0,0,0,0,1]}]}},{"id":"tangentNoTranslate","data":{"name":"arm_L_tangentNoTranslate_pick1","type":"pickMatrix","attributes":[{"isDynamic":false,"name":"message","default":null,"Type":36,"value":null},{"isDynamic":false,"keyable":true,"name":"inputMatrix","default":[1,0,0,0,0,1,0,0,0,0,1,0,0,0,0,1],"Type":14,"value":[0.9796307156466023,-1.4710455076283324e-15,0.20080752217415987,0,-0.20080752217415987,1.021405182655144e-14,0.9796307156466022,0,-3.469446951953614e-15,-0.9999999999999998,9.658940314238862e-15,0,0,0,0,1]},{"isDynamic":false,"name":"useTranslate","default":true,"Type":0,"value":false},{"isDynamic":false,"name":"outputMatrix","default":[1,0,0,0,0,1,0,0,0,0,1,0,0,0,0,1],"Type":14,"value":[0.9796307156466022,-2.7755575615628914e-17,0.20080752217415995,0,-0.20080752217415992,9.325873406851313e-15,0.9796307156466024,0,-1.915134717478395e-15,-1,9.103828801926282e-15,0,0,0,0,1]}]}},{"id":"tangentWorldPosMatrix","data":{"name":"arm_L_tangentWorldPosMatrix_blend1","type":"blendMatrix","attributes":[{"isDynamic":false,"name":"message","default":null,"Type":36,"value":null},{"isDynamic":false,"children":[{"isDynamic":false,"isChild":true,"name":"target[0].targetMatrix","default":[1,0,0,0,0,1,0,0,0,0,1,0,0,0,0,1],"Type":14,"value":[0.7405579391662096,0,0.6719925139001897,0,0,1,0,0,-0.6719925139001897,0,0.7405579391662096,0,37.596541895535324,-6.962633364449088e-14,7.706647310845398,1]},{},{},{},{},{},{}],"keyable":true,"isElement":true,"name":"target[0]","default":null,"Type":22,"value":[[0.7405579391662096,0,0.6719925139001897,0,0,1,0,0,-0.6719925139001897,0,0.7405579391662096,0,37.596541895535324,-6.962633364449088e-14,7.706647310845398,1],true,1,1,1,1,1]},{"isDynamic":false,"name":"outputMatrix","default":[1,0,0,0,0,1,0,0,0,0,1,0,0,0,0,1],"Type":14,"value":[0.7405579391662096,0,0.6719925139001897,0,0,1,0,0,-0.6719925139001897,0,0.7405579391662096,0,37.596541895535324,-6.962633364449088e-14,7.706647310845398,1]}]}},{"id":"tangentLocalMatrix","data":{"name":"arm_L_tangentLocalMatrix_matMult1","type":"multMatrix","attributes":[{"isDynamic":false,"name":"message","default":null,"Type":36,"value":null},{"isDynamic":false,"keyable":true,"isElement":true,"name":"matrixIn[1]","default":[1,0,0,0,0,1,0,0,0,0,1,0,0,0,0,1],"Type":14,"value":[0.9796307156466022,-2.7755575615628914e-17,0.20080752217415995,0,-0.20080752217415992,9.325873406851313e-15,0.9796307156466024,0,-1.915134717478395e-15,-1,9.103828801926282e-15,0,0,0,0,1]},{"isDynamic":false,"keyable":true,"isElement":true,"name":"matrixIn[2]","default":[1,0,0,0,0,1,0,0,0,0,1,0,0,0,0,1],"Type":14,"value":[0.7405579391662096,0,0.6719925139001897,0,0,1,0,0,-0.6719925139001897,0,0.7405579391662096,0,37.596541895535324,-6.962633364449088e-14,7.706647310845398,1]},{"isDynamic":false,"name":"matrixSum","default":[1,0,0,0,0,1,0,0,0,0,1,0,0,0,0,1],"Type":14,"value":[0.590532152287285,-2.7755575615628914e-17,0.8070141120915708,0,-0.807014112091571,9.325873406851313e-15,0.5905321522872852,0,-7.535973022324855e-15,-1,5.454956502820674e-15,0,37.596541895535324,-6.962633364449088e-14,7.706647310845398,1]}]}},{"id":"pickMatrix","data":{"name":"arm_L_pickMatrix_pick1","type":"pickMatrix","attributes":[{"isDynamic":false,"name":"message","default":null,"Type":36,"value":null},{"isDynamic":false,"name":"useScale","default":true,"Type":0,"value":false},{"isDynamic":false,"name":"useShear","default":true,"Type":0,"value":false},{"isDynamic":false,"name":"useRotate","default":true,"Type":0,"value":false}]}},{"id":"tangentDistance","data":{"name":"tangentDist","type":"multDoubleLinear","attributes":[{"name":"input1","value":0.5}]}},{"id":"localOffset","data":{"name":"localOffset","type":"composeMatrix","attributes":[{"isDynamic":false,"name":"message","default":null,"Type":36,"value":null}]}}],"connections":[{"sourcePlug":"outputMatrix","source":"startTangentAim","destinationPlug":"inputMatrix","destination":"tangentNoTranslate"},{"sourcePlug":"outputMatrix","source":"pickMatrix","destinationPlug":"inputMatrix","destination":"tangentWorldPosMatrix"},{"sourcePlug":"outputMatrix","source":"localOffset","destinationPlug":"matrixIn[0]","destination":"tangentLocalMatrix"},{"sourcePlug":"outputMatrix","source":"tangentNoTranslate","destinationPlug":"matrixIn[1]","destination":"tangentLocalMatrix"},{"sourcePlug":"outputMatrix","source":"tangentWorldPosMatrix","destinationPlug":"matrixIn[2]","destination":"tangentLocalMatrix"},{"sourcePlug":"output","source":"tangentDistance","destinationPlug":"inputTranslate.inputTranslateX","destination":"localOffset"}],"inputs":{"upVectorMtx":["startTangentAim:secondary.secondaryTargetMatrix"],"segmentAutoMidTargetWorldMtx":["startTangentAim:primary.primaryTargetMatrix","tangentWorldPosMatrix:target[0].targetMatrix"],"aimVector":["startTangentAim:primary.primaryInputAxis"],"upVector":["startTangentAim:secondary.secondaryInputAxis"],"driverTransRotateMtx":["startTangentAim:inputMatrix","pickMatrix:inputMatrix"],"tangentDistanceOffsetFraction":["tangentWorldPosMatrix:target[0].weight"],"blendWeightsDummy":["tangentWorldPosMatrix:target[0].useShear","tangentWorldPosMatrix:target[0].useScale","tangentWorldPosMatrix:target[0].useRotate"],"tangentDistance":["tangentDistance:input2"],"tangentDistanceHalf":["tangentDistance:input1"]},"outputs":{"tangentLocalOffsetMtx":"tangentLocalMatrix:matrixSum"}}