{"id": "primaryMidBendyCtrls", "name": "primaryMidBendyCtrls", "metaData": {"version": "1.0.0"}, "nodes": [{"id": "endTranslateScaleOnly", "data": {"name": "endTranslateScaleOnly", "type": "pickMatrix", "attributes": [{"isDynamic": false, "name": "message", "default": null, "Type": 36, "value": null}, {"isDynamic": false, "keyable": true, "name": "inputMatrix", "default": [1.0, 0.0, 0.0, 0.0, 0.0, 1.0, 0.0, 0.0, 0.0, 0.0, 1.0, 0.0, 0.0, 0.0, 0.0, 1.0], "Type": 14, "value": [0.9991183510925953, 0.0, 0.04198238332936222, 0.0, 0.0, 1.0, 0.0, 0.0, -0.041982383329362216, 0.0, 0.9991183510925952, 0.0, 52.257912088374404, -2.8368629009914127e-14, 0.8517231923254537, 1.0]}, {"isDynamic": false, "name": "useRotate", "default": true, "Type": 0, "value": false}, {"isDynamic": false, "name": "outputMatrix", "default": [1.0, 0.0, 0.0, 0.0, 0.0, 1.0, 0.0, 0.0, 0.0, 0.0, 1.0, 0.0, 0.0, 0.0, 0.0, 1.0], "Type": 14, "value": [1.0, 0.0, 0.0, 0.0, 0.0, 1.0, 0.0, 0.0, 0.0, 0.0, 0.9999999999999999, 0.0, 52.257912088374404, -2.8368629009914127e-14, 0.8517231923254537, 1.0]}]}}, {"id": "autoMidAngle", "data": {"name": "autoMidAngle", "type": "angleBetween", "attributes": [{"isDynamic": false, "name": "message", "default": null, "Type": 36, "value": null}, {"isDynamic": false, "children": [{"isDynamic": false, "isChild": true, "name": "vector1X", "default": 0.0, "Type": 9, "value": 28.96782684326172}, {"isDynamic": false, "isChild": true, "name": "vector1Y", "default": 1.0, "Type": 9, "value": -1.1088403958046944e-13}, {"isDynamic": false, "isChild": true, "name": "vector1Z", "default": 0.0, "Type": 9, "value": -0.1933920979499817}], "name": "vector1", "default": [0.0, 1.0, 0.0], "Type": 30, "value": [28.96782684326172, -1.1088403958046944e-13, -0.1933920979499817]}, {"isDynamic": false, "children": [{"isDynamic": false, "isChild": true, "name": "vector2X", "default": 0.0, "Type": 9, "value": -28.96782684326172}, {"isDynamic": false, "isChild": true, "name": "vector2Y", "default": 0.0, "Type": 9, "value": 1.1088403958046944e-13}, {"isDynamic": false, "isChild": true, "name": "vector2Z", "default": 1.0, "Type": 9, "value": 0.1933920979499817}], "name": "vector2", "default": [0.0, 0.0, 1.0], "Type": 30, "value": [-28.96782684326172, 1.1088403958046944e-13, 0.1933920979499817]}, {"isDynamic": false, "children": [{"isDynamic": false, "children": [{"isDynamic": false, "isChild": true, "name": "axisX", "default": 0.0, "Type": 9, "value": -2.873263854653635e-15}, {"isDynamic": false, "isChild": true, "name": "axisY", "default": 0.0, "Type": 9, "value": -0.999999999999931}, {"isDynamic": false, "isChild": true, "name": "axisZ", "default": 1.0, "Type": 9, "value": 1.4298324521513997e-13}], "isChild": true, "name": "axis", "default": [0.0, 0.0, 1.0], "Type": 30, "value": [-2.873263854653635e-15, -0.999999999999931, 1.4298324521513997e-13]}, {"isDynamic": false, "isChild": true, "name": "angle", "default": 0.0, "Type": 10, "value": 3.141592638688632}], "name": "axisAngle", "default": null, "Type": 22, "value": [[-2.873263854653635e-15, -0.999999999999931, 1.4298324521513997e-13], 3.141592638688632]}]}}, {"id": "midAutoAngleRemap", "data": {"name": "midAutoAngleRemap", "type": "remapValue", "attributes": [{"isDynamic": false, "name": "message", "default": null, "Type": 36, "value": null}, {"isDynamic": false, "keyable": true, "name": "inputValue", "default": 0.0, "Type": 5, "value": 180.0}, {"isDynamic": false, "keyable": true, "name": "inputMin", "default": 0.0, "Type": 5, "value": 10.0}, {"isDynamic": false, "keyable": true, "name": "inputMax", "default": 1.0, "Type": 5, "value": 90.0}, {"isDynamic": false, "children": [{}, {}, {"isDynamic": false, "keyable": true, "isChild": true, "name": "value[0].value_Interp", "default": 0, "Type": 12, "value": 1, "enums": ["None", "Linear", "Smooth", "Spline"]}], "keyable": true, "isElement": true, "name": "value[0]", "default": null, "Type": 22, "value": [0.0, 0.0, 1]}, {"isDynamic": false, "children": [{"isDynamic": false, "keyable": true, "isChild": true, "name": "value[1].value_Position", "default": 0.0, "Type": 5, "value": 1.0}, {"isDynamic": false, "keyable": true, "isChild": true, "name": "value[1].value_FloatValue", "default": 0.0, "Type": 5, "value": 1.0}, {"isDynamic": false, "keyable": true, "isChild": true, "name": "value[1].value_Interp", "default": 0, "Type": 12, "value": 1, "enums": ["None", "Linear", "Smooth", "Spline"]}], "keyable": true, "isElement": true, "name": "value[1]", "default": null, "Type": 22, "value": [1.0, 1.0, 1]}, {"isDynamic": false, "children": [{}, {}, {"isDynamic": false, "keyable": true, "isChild": true, "name": "color[0].color_Interp", "default": 0, "Type": 12, "value": 1, "enums": ["None", "Linear", "Smooth", "Spline"]}], "keyable": true, "isElement": true, "name": "color[0]", "default": null, "Type": 22, "value": [0.0, [0.0, 0.0, 0.0], 1]}, {"isDynamic": false, "children": [{"isDynamic": false, "keyable": true, "isChild": true, "name": "color[1].color_Position", "default": 0.0, "Type": 5, "value": 1.0}, {"isDynamic": false, "children": [{"isDynamic": false, "keyable": true, "isChild": true, "name": "color[1].color_ColorR", "default": 0.0, "Type": 5, "value": 1.0}, {"isDynamic": false, "keyable": true, "isChild": true, "name": "color[1].color_ColorG", "default": 0.0, "Type": 5, "value": 1.0}, {"isDynamic": false, "keyable": true, "isChild": true, "name": "color[1].color_ColorB", "default": 0.0, "Type": 5, "value": 1.0}], "keyable": true, "isChild": true, "name": "color[1].color_Color", "default": [0.0, 0.0, 0.0], "Type": 31, "value": [1.0, 1.0, 1.0]}, {"isDynamic": false, "keyable": true, "isChild": true, "name": "color[1].color_Interp", "default": 0, "Type": 12, "value": 1, "enums": ["None", "Linear", "Smooth", "Spline"]}], "keyable": true, "isElement": true, "name": "color[1]", "default": null, "Type": 22, "value": [1.0, [1.0, 1.0, 1.0], 1]}, {"isDynamic": false, "name": "outValue", "default": 0.0, "Type": 5, "value": 1.0}]}}, {"id": "startMidAutoDirVector", "data": {"name": "startMidAutoDirVector", "type": "plusMinusAverage", "attributes": [{"isDynamic": false, "name": "message", "default": null, "Type": 36, "value": null}, {"isDynamic": false, "name": "operation", "default": 1, "Type": 12, "value": 2, "enums": ["No operation", "Sum", "Subtract", "Average"]}, {"isDynamic": false, "children": [{"isDynamic": false, "keyable": true, "isChild": true, "name": "input3D[0].input3Dx", "default": 0.0, "Type": 5, "value": 28.96782684326172}, {"isDynamic": false, "keyable": true, "isChild": true, "name": "input3D[0].input3Dy", "default": 0.0, "Type": 5, "value": -1.1088403958046944e-13}, {"isDynamic": false, "keyable": true, "isChild": true, "name": "input3D[0].input3Dz", "default": 0.0, "Type": 5, "value": -0.1933920979499817}], "keyable": true, "isElement": true, "name": "input3D[0]", "default": [0.0, 0.0, 0.0], "Type": 31, "value": [28.96782684326172, -1.1088403958046944e-13, -0.1933920979499817]}, {"isDynamic": false, "children": [{"isDynamic": false, "isChild": true, "name": "output3Dx", "default": 0.0, "Type": 5, "value": 28.96782684326172}, {"isDynamic": false, "isChild": true, "name": "output3Dy", "default": 0.0, "Type": 5, "value": -1.1088403958046944e-13}, {"isDynamic": false, "isChild": true, "name": "output3Dz", "default": 0.0, "Type": 5, "value": -0.1933920979499817}], "name": "output3D", "default": [0.0, 0.0, 0.0], "Type": 31, "value": [28.96782684326172, -1.1088403958046944e-13, -0.1933920979499817]}]}}, {"id": "endMidPosition", "data": {"name": "endMidPosition", "type": "blendMatrix", "attributes": [{"isDynamic": false, "name": "message", "default": null, "Type": 36, "value": null}, {"isDynamic": false, "children": [{"isDynamic": false, "isChild": true, "name": "target[0].targetMatrix", "default": [1.0, 0.0, 0.0, 0.0, 0.0, 1.0, 0.0, 0.0, 0.0, 0.0, 1.0, 0.0, 0.0, 0.0, 0.0, 1.0], "Type": 14, "value": [0.9978761367573998, 0.0, 0.0651399699886942, 0.0, 0.0, 1.0, 0.0, 0.0, -0.0651399699886942, 0.0, 0.9978761367573996, 0.0, 28.96782728836764, -1.1088403827918423e-13, -0.19339210072305163, 1.0]}, {}, {}, {}, {}, {}, {}], "keyable": true, "isElement": true, "name": "target[0]", "default": null, "Type": 22, "value": [[0.9978761367573998, 0.0, 0.0651399699886942, 0.0, 0.0, 1.0, 0.0, 0.0, -0.0651399699886942, 0.0, 0.9978761367573996, 0.0, 28.96782728836764, -1.1088403827918423e-13, -0.19339210072305163, 1.0], true, 1.0, 1.0, 1.0, 1.0, 1.0]}, {"isDynamic": false, "keyable": true, "name": "inputMatrix", "default": [1.0, 0.0, 0.0, 0.0, 0.0, 1.0, 0.0, 0.0, 0.0, 0.0, 1.0, 0.0, 0.0, 0.0, 0.0, 1.0], "Type": 14, "value": [0.9991183510925953, 0.0, 0.04198238332936222, 0.0, 0.0, 1.0, 0.0, 0.0, -0.041982383329362216, 0.0, 0.9991183510925952, 0.0, 52.257912088374404, -2.8368629009914127e-14, 0.8517231923254537, 1.0]}, {"isDynamic": false, "name": "outputMatrix", "default": [1.0, 0.0, 0.0, 0.0, 0.0, 1.0, 0.0, 0.0, 0.0, 0.0, 1.0, 0.0, 0.0, 0.0, 0.0, 1.0], "Type": 14, "value": [0.9978761367573998, 0.0, 0.06513996998869423, 0.0, -0.0, 1.0, 0.0, 0.0, -0.06513996998869422, -0.0, 0.9978761367573996, 0.0, 28.96782728836764, -1.1088403827918423e-13, -0.19339210072305163, 1.0]}]}}, {"id": "endMidRotation", "data": {"name": "endMidRotation", "type": "aimMatrix", "attributes": [{"isDynamic": false, "name": "message", "default": null, "Type": 36, "value": null}, {"isDynamic": false, "keyable": true, "name": "inputMatrix", "default": [1.0, 0.0, 0.0, 0.0, 0.0, 1.0, 0.0, 0.0, 0.0, 0.0, 1.0, 0.0, 0.0, 0.0, 0.0, 1.0], "Type": 14, "value": [0.9978761367573998, 0.0, 0.06513996998869423, 0.0, -0.0, 1.0, 0.0, 0.0, -0.06513996998869422, -0.0, 0.9978761367573996, 0.0, 28.96782728836764, -1.1088403827918423e-13, -0.19339210072305163, 1.0]}, {"isDynamic": false, "children": [{"isDynamic": false, "children": [{"isDynamic": false, "isChild": true, "name": "primaryInputAxisX", "default": 1.0, "Type": 6, "value": -1.0}, {}, {}], "keyable": true, "isChild": true, "name": "primaryInputAxis", "default": [1.0, 0.0, 0.0], "Type": 30, "value": [-1.0, 0.0, 0.0]}, {}, {}, {"isDynamic": false, "isChild": true, "name": "primaryTargetMatrix", "default": [1.0, 0.0, 0.0, 0.0, 0.0, 1.0, 0.0, 0.0, 0.0, 0.0, 1.0, 0.0, 0.0, 0.0, 0.0, 1.0], "Type": 14, "value": [0.9978761367573998, 0.0, 0.0651399699886942, 0.0, 0.0, 1.0, 0.0, 0.0, -0.0651399699886942, 0.0, 0.9978761367573996, 0.0, 28.96782728836764, -1.1088403827918423e-13, -0.19339210072305163, 1.0]}], "name": "primary", "default": null, "Type": 22, "value": [[-1.0, 0.0, 0.0], 1, [0.0, 0.0, 0.0], [0.9978761367573998, 0.0, 0.0651399699886942, 0.0, 0.0, 1.0, 0.0, 0.0, -0.0651399699886942, 0.0, 0.9978761367573996, 0.0, 28.96782728836764, -1.1088403827918423e-13, -0.19339210072305163, 1.0]]}, {"isDynamic": false, "children": [{}, {"isDynamic": false, "isChild": true, "name": "secondaryMode", "default": 0, "Type": 12, "value": 1, "enums": ["None", "Aim", "Align"]}, {}, {}], "keyable": true, "name": "secondary", "default": null, "Type": 22, "value": [[0.0, 1.0, 0.0], 1, [0.0, 0.0, 0.0], [1.0, 0.0, 0.0, 0.0, 0.0, 1.0, 0.0, 0.0, 0.0, 0.0, 1.0, 0.0, 0.0, 0.0, 0.0, 1.0]]}, {"isDynamic": false, "name": "outputMatrix", "default": [1.0, 0.0, 0.0, 0.0, 0.0, 1.0, 0.0, 0.0, 0.0, 0.0, 1.0, 0.0, 0.0, 0.0, 0.0, 1.0], "Type": 14, "value": [0.9978761367573998, 0.0, 0.06513996998869423, 0.0, 0.0, 1.0, 0.0, 0.0, -0.06513996998869422, 0.0, 0.9978761367573996, 0.0, 28.96782728836764, -1.1088403827918423e-13, -0.19339210072305163, 1.0]}]}}, {"id": "endMidPosTargetOffset", "data": {"name": "endMidPosTargetOffset", "type": "multMatrix", "attributes": [{"isDynamic": false, "name": "message", "default": null, "Type": 36, "value": null}, {"isDynamic": false, "keyable": true, "isElement": true, "name": "matrixIn[1]", "default": [1.0, 0.0, 0.0, 0.0, 0.0, 1.0, 0.0, 0.0, 0.0, 0.0, 1.0, 0.0, 0.0, 0.0, 0.0, 1.0], "Type": 14, "value": [0.9978761367573998, 0.0, 0.06513996998869423, 0.0, 0.0, 1.0, 0.0, 0.0, -0.06513996998869422, 0.0, 0.9978761367573996, 0.0, 28.96782728836764, -1.1088403827918423e-13, -0.19339210072305163, 1.0]}, {"isDynamic": false, "name": "matrixSum", "default": [1.0, 0.0, 0.0, 0.0, 0.0, 1.0, 0.0, 0.0, 0.0, 0.0, 1.0, 0.0, 0.0, 0.0, 0.0, 1.0], "Type": 14, "value": [0.9978761367573998, 0.0, 0.06513996998869423, 0.0, 0.0, 1.0, 0.0, 0.0, -0.06513996998869422, 0.0, 0.9978761367573996, 0.0, 28.96782728836764, -1.1088403827918423e-13, -0.19339210072305163, 1.0]}]}}, {"id": "midAutoRoundnessBlend", "data": {"name": "midAutoRoundnessBlend", "type": "multDoubleLinear", "attributes": [{"isDynamic": false, "name": "message", "default": null, "Type": 36, "value": null}, {"isDynamic": false, "name": "input2", "default": 0.0, "Type": 9, "value": 1.0}]}}, {"id": "startMidRotation", "data": {"name": "startMidRotation", "type": "aimMatrix", "attributes": [{"isDynamic": false, "name": "message", "default": null, "Type": 36, "value": null}, {"isDynamic": false, "keyable": true, "name": "inputMatrix", "default": [1.0, 0.0, 0.0, 0.0, 0.0, 1.0, 0.0, 0.0, 0.0, 0.0, 1.0, 0.0, 0.0, 0.0, 0.0, 1.0], "Type": 14, "value": [0.9978761367573998, 0.0, 0.06513996998869423, 0.0, -0.0, 1.0, 0.0, 0.0, -0.06513996998869422, -0.0, 0.9978761367573996, 0.0, 28.96782728836764, -1.1088403827918423e-13, -0.19339210072305163, 1.0]}, {"isDynamic": false, "children": [{}, {}, {}, {"isDynamic": false, "isChild": true, "name": "primaryTargetMatrix", "default": [1.0, 0.0, 0.0, 0.0, 0.0, 1.0, 0.0, 0.0, 0.0, 0.0, 1.0, 0.0, 0.0, 0.0, 0.0, 1.0], "Type": 14, "value": [0.9978761367573998, 0.0, 0.0651399699886942, 0.0, 0.0, 1.0, 0.0, 0.0, -0.0651399699886942, 0.0, 0.9978761367573996, 0.0, 28.96782728836764, -1.1088403827918423e-13, -0.19339210072305163, 1.0]}], "name": "primary", "default": null, "Type": 22, "value": [[1.0, 0.0, 0.0], 1, [0.0, 0.0, 0.0], [0.9978761367573998, 0.0, 0.0651399699886942, 0.0, 0.0, 1.0, 0.0, 0.0, -0.0651399699886942, 0.0, 0.9978761367573996, 0.0, 28.96782728836764, -1.1088403827918423e-13, -0.19339210072305163, 1.0]]}, {"isDynamic": false, "children": [{}, {"isDynamic": false, "isChild": true, "name": "secondaryMode", "default": 0, "Type": 12, "value": 1, "enums": ["None", "Aim", "Align"]}, {}, {}], "keyable": true, "name": "secondary", "default": null, "Type": 22, "value": [[0.0, 1.0, 0.0], 1, [0.0, 0.0, 0.0], [1.0, 0.0, 0.0, 0.0, 0.0, 1.0, 0.0, 0.0, 0.0, 0.0, 1.0, 0.0, 0.0, 0.0, 0.0, 1.0]]}, {"isDynamic": false, "name": "outputMatrix", "default": [1.0, 0.0, 0.0, 0.0, 0.0, 1.0, 0.0, 0.0, 0.0, 0.0, 1.0, 0.0, 0.0, 0.0, 0.0, 1.0], "Type": 14, "value": [0.9978761367573998, 0.0, 0.06513996998869423, 0.0, 0.0, 1.0, 0.0, 0.0, -0.06513996998869422, 0.0, 0.9978761367573996, 0.0, 28.96782728836764, -1.1088403827918423e-13, -0.19339210072305163, 1.0]}]}}, {"id": "midBendyDecomp", "data": {"name": "midBendyDecomp", "type": "decomposeMatrix", "attributes": [{"isDynamic": false, "name": "message", "default": null, "Type": 36, "value": null}, {"isDynamic": false, "keyable": true, "name": "inputMatrix", "default": [1.0, 0.0, 0.0, 0.0, 0.0, 1.0, 0.0, 0.0, 0.0, 0.0, 1.0, 0.0, 0.0, 0.0, 0.0, 1.0], "Type": 14, "value": [0.9978761367573998, 0.0, 0.0651399699886942, 0.0, 0.0, 1.0, 0.0, 0.0, -0.0651399699886942, 0.0, 0.9978761367573996, 0.0, 28.96782728836764, -1.1088403827918423e-13, -0.19339210072305163, 1.0]}, {"isDynamic": false, "children": [{"isDynamic": false, "isChild": true, "name": "outputTranslateX", "default": 0.0, "Type": 9, "value": 28.96782728836764}, {"isDynamic": false, "isChild": true, "name": "outputTranslateY", "default": 0.0, "Type": 9, "value": -1.1088403827918423e-13}, {"isDynamic": false, "isChild": true, "name": "outputTranslateZ", "default": 0.0, "Type": 9, "value": -0.19339210072305163}], "name": "outputTranslate", "default": [0.0, 0.0, 0.0], "Type": 30, "value": [28.96782728836764, -1.1088403827918423e-13, -0.19339210072305163]}, {"isDynamic": false, "children": [{}, {"isDynamic": false, "isChild": true, "name": "outputRotateY", "default": 0.0, "Type": 10, "value": -0.06518612533142364}, {}], "name": "outputRotate", "default": [0.0, 0.0, 0.0], "Type": 30, "value": [0.0, -0.06518612533142364, 0.0]}, {"isDynamic": false, "children": [{"isDynamic": false, "isChild": true, "name": "outputScaleX", "default": 0.0, "Type": 6, "value": 1.0000000000000004}, {"isDynamic": false, "isChild": true, "name": "outputScaleY", "default": 0.0, "Type": 6, "value": 1.0}, {"isDynamic": false, "isChild": true, "name": "outputScaleZ", "default": 0.0, "Type": 6, "value": 1.0000000000000002}], "name": "outputScale", "default": [0.0, 0.0, 0.0], "Type": 30, "value": [1.0000000000000004, 1.0, 1.0000000000000002]}, {"isDynamic": false, "children": [{}, {"isDynamic": false, "isChild": true, "name": "outputQuatY", "default": 0.0, "Type": 6, "value": -0.032587292328456995}, {}, {"isDynamic": false, "isChild": true, "name": "outputQuatW", "default": 0.0, "Type": 6, "value": 0.9994688931521079}], "name": "outputQuat", "default": [0.0, 0.0, 0.0, 0.0], "Type": 35, "value": [0.0, -0.032587292328456995, 0.0, 0.9994688931521079]}]}}, {"id": "startMidPosTargetOffset", "data": {"name": "startMidPosTargetOffset", "type": "multMatrix", "attributes": [{"isDynamic": false, "name": "message", "default": null, "Type": 36, "value": null}, {"isDynamic": false, "keyable": true, "isElement": true, "name": "matrixIn[1]", "default": [1.0, 0.0, 0.0, 0.0, 0.0, 1.0, 0.0, 0.0, 0.0, 0.0, 1.0, 0.0, 0.0, 0.0, 0.0, 1.0], "Type": 14, "value": [0.9978761367573998, 0.0, 0.06513996998869423, 0.0, 0.0, 1.0, 0.0, 0.0, -0.06513996998869422, 0.0, 0.9978761367573996, 0.0, 28.96782728836764, -1.1088403827918423e-13, -0.19339210072305163, 1.0]}, {"isDynamic": false, "name": "matrixSum", "default": [1.0, 0.0, 0.0, 0.0, 0.0, 1.0, 0.0, 0.0, 0.0, 0.0, 1.0, 0.0, 0.0, 0.0, 0.0, 1.0], "Type": 14, "value": [0.9978761367573998, 0.0, 0.06513996998869423, 0.0, 0.0, 1.0, 0.0, 0.0, -0.06513996998869422, 0.0, 0.9978761367573996, 0.0, 28.96782728836764, -1.1088403827918423e-13, -0.19339210072305163, 1.0]}]}}, {"id": "endMidAutoDirVector", "data": {"name": "endMidAutoDirVector", "type": "plusMinusAverage", "attributes": [{"isDynamic": false, "name": "message", "default": null, "Type": 36, "value": null}, {"isDynamic": false, "name": "operation", "default": 1, "Type": 12, "value": 2, "enums": ["No operation", "Sum", "Subtract", "Average"]}, {"isDynamic": false, "children": [{"isDynamic": false, "keyable": true, "isChild": true, "name": "input3D[1].input3Dx", "default": 0.0, "Type": 5, "value": 28.96782684326172}, {"isDynamic": false, "keyable": true, "isChild": true, "name": "input3D[1].input3Dy", "default": 0.0, "Type": 5, "value": -1.1088403958046944e-13}, {"isDynamic": false, "keyable": true, "isChild": true, "name": "input3D[1].input3Dz", "default": 0.0, "Type": 5, "value": -0.1933920979499817}], "keyable": true, "isElement": true, "name": "input3D[1]", "default": [0.0, 0.0, 0.0], "Type": 31, "value": [28.96782684326172, -1.1088403958046944e-13, -0.1933920979499817]}, {"isDynamic": false, "children": [{"isDynamic": false, "isChild": true, "name": "output3Dx", "default": 0.0, "Type": 5, "value": -28.96782684326172}, {"isDynamic": false, "isChild": true, "name": "output3Dy", "default": 0.0, "Type": 5, "value": 1.1088403958046944e-13}, {"isDynamic": false, "isChild": true, "name": "output3Dz", "default": 0.0, "Type": 5, "value": 0.1933920979499817}], "name": "output3D", "default": [0.0, 0.0, 0.0], "Type": 31, "value": [-28.96782684326172, 1.1088403958046944e-13, 0.1933920979499817]}]}}, {"id": "startMidPosition", "data": {"name": "startMidPosition", "type": "blendMatrix", "attributes": [{"isDynamic": false, "name": "message", "default": null, "Type": 36, "value": null}, {"isDynamic": false, "children": [{"isDynamic": false, "isChild": true, "name": "target[0].targetMatrix", "default": [1.0, 0.0, 0.0, 0.0, 0.0, 1.0, 0.0, 0.0, 0.0, 0.0, 1.0, 0.0, 0.0, 0.0, 0.0, 1.0], "Type": 14, "value": [0.9978761367573998, 0.0, 0.0651399699886942, 0.0, 0.0, 1.0, 0.0, 0.0, -0.0651399699886942, 0.0, 0.9978761367573996, 0.0, 28.96782728836764, -1.1088403827918423e-13, -0.19339210072305163, 1.0]}, {}, {}, {}, {}, {}, {}], "keyable": true, "isElement": true, "name": "target[0]", "default": null, "Type": 22, "value": [[0.9978761367573998, 0.0, 0.0651399699886942, 0.0, 0.0, 1.0, 0.0, 0.0, -0.0651399699886942, 0.0, 0.9978761367573996, 0.0, 28.96782728836764, -1.1088403827918423e-13, -0.19339210072305163, 1.0], true, 1.0, 1.0, 1.0, 1.0, 1.0]}, {"isDynamic": false, "keyable": true, "name": "inputMatrix", "default": [1.0, 0.0, 0.0, 0.0, 0.0, 1.0, 0.0, 0.0, 0.0, 0.0, 1.0, 0.0, 0.0, 0.0, 0.0, 1.0], "Type": 14, "value": [0.9999903724269408, 0.0, -0.004388058047506148, 0.0, 0.0, 1.0, 0.0, 0.0, 0.0043880580475061486, 0.0, 0.999990372426941, 0.0, 0.0, 0.0, 0.0, 1.0]}, {"isDynamic": false, "name": "outputMatrix", "default": [1.0, 0.0, 0.0, 0.0, 0.0, 1.0, 0.0, 0.0, 0.0, 0.0, 1.0, 0.0, 0.0, 0.0, 0.0, 1.0], "Type": 14, "value": [0.9978761367573998, 0.0, 0.06513996998869423, 0.0, -0.0, 1.0, 0.0, 0.0, -0.06513996998869422, -0.0, 0.9978761367573996, 0.0, 28.96782728836764, -1.1088403827918423e-13, -0.19339210072305163, 1.0]}]}}, {"id": "endMidBendyRoundness", "data": {"name": "endMidBendyRoundness", "type": "blendMatrix", "attributes": [{"isDynamic": false, "name": "message", "default": null, "Type": 36, "value": null}, {"isDynamic": false, "children": [{"isDynamic": false, "isChild": true, "name": "target[0].targetMatrix", "default": [1.0, 0.0, 0.0, 0.0, 0.0, 1.0, 0.0, 0.0, 0.0, 0.0, 1.0, 0.0, 0.0, 0.0, 0.0, 1.0], "Type": 14, "value": [0.9978761367573998, 0.0, 0.06513996998869423, 0.0, 0.0, 1.0, 0.0, 0.0, -0.06513996998869422, 0.0, 0.9978761367573996, 0.0, 28.96782728836764, -1.1088403827918423e-13, -0.19339210072305163, 1.0]}, {}, {"isDynamic": false, "isChild": true, "name": "target[0].weight", "default": 1.0, "Type": 6, "value": 0.0}, {}, {}, {}, {}], "keyable": true, "isElement": true, "name": "target[0]", "default": null, "Type": 22, "value": [[0.9978761367573998, 0.0, 0.06513996998869423, 0.0, 0.0, 1.0, 0.0, 0.0, -0.06513996998869422, 0.0, 0.9978761367573996, 0.0, 28.96782728836764, -1.1088403827918423e-13, -0.19339210072305163, 1.0], true, 0.0, 1.0, 1.0, 1.0, 1.0]}, {"isDynamic": false, "keyable": true, "name": "inputMatrix", "default": [1.0, 0.0, 0.0, 0.0, 0.0, 1.0, 0.0, 0.0, 0.0, 0.0, 1.0, 0.0, 0.0, 0.0, 0.0, 1.0], "Type": 14, "value": [0.9978761367573998, 0.0, 0.06513996998869423, 0.0, 0.0, 1.0, 0.0, 0.0, -0.06513996998869422, 0.0, 0.9978761367573996, 0.0, 28.96782728836764, -1.1088403827918423e-13, -0.19339210072305163, 1.0]}, {"isDynamic": false, "name": "outputMatrix", "default": [1.0, 0.0, 0.0, 0.0, 0.0, 1.0, 0.0, 0.0, 0.0, 0.0, 1.0, 0.0, 0.0, 0.0, 0.0, 1.0], "Type": 14, "value": [0.9978761367573998, 0.0, 0.06513996998869426, 0.0, -0.0, 1.0, 0.0, 0.0, -0.06513996998869424, -0.0, 0.9978761367573996, 0.0, 28.96782728836764, -1.1088403827918423e-13, -0.19339210072305163, 1.0]}]}}, {"id": "startMidBendyRoundness", "data": {"name": "startMidBendyRoundness", "type": "blendMatrix", "attributes": [{"isDynamic": false, "name": "message", "default": null, "Type": 36, "value": null}, {"isDynamic": false, "children": [{"isDynamic": false, "isChild": true, "name": "target[0].targetMatrix", "default": [1.0, 0.0, 0.0, 0.0, 0.0, 1.0, 0.0, 0.0, 0.0, 0.0, 1.0, 0.0, 0.0, 0.0, 0.0, 1.0], "Type": 14, "value": [0.9978761367573998, 0.0, 0.06513996998869423, 0.0, 0.0, 1.0, 0.0, 0.0, -0.06513996998869422, 0.0, 0.9978761367573996, 0.0, 28.96782728836764, -1.1088403827918423e-13, -0.19339210072305163, 1.0]}, {}, {"isDynamic": false, "isChild": true, "name": "target[0].weight", "default": 1.0, "Type": 6, "value": 0.0}, {}, {}, {}, {}], "keyable": true, "isElement": true, "name": "target[0]", "default": null, "Type": 22, "value": [[0.9978761367573998, 0.0, 0.06513996998869423, 0.0, 0.0, 1.0, 0.0, 0.0, -0.06513996998869422, 0.0, 0.9978761367573996, 0.0, 28.96782728836764, -1.1088403827918423e-13, -0.19339210072305163, 1.0], true, 0.0, 1.0, 1.0, 1.0, 1.0]}, {"isDynamic": false, "keyable": true, "name": "inputMatrix", "default": [1.0, 0.0, 0.0, 0.0, 0.0, 1.0, 0.0, 0.0, 0.0, 0.0, 1.0, 0.0, 0.0, 0.0, 0.0, 1.0], "Type": 14, "value": [0.9978761367573998, 0.0, 0.06513996998869423, 0.0, 0.0, 1.0, 0.0, 0.0, -0.06513996998869422, 0.0, 0.9978761367573996, 0.0, 28.96782728836764, -1.1088403827918423e-13, -0.19339210072305163, 1.0]}, {"isDynamic": false, "name": "outputMatrix", "default": [1.0, 0.0, 0.0, 0.0, 0.0, 1.0, 0.0, 0.0, 0.0, 0.0, 1.0, 0.0, 0.0, 0.0, 0.0, 1.0], "Type": 14, "value": [0.9978761367573998, 0.0, 0.06513996998869426, 0.0, -0.0, 1.0, 0.0, 0.0, -0.06513996998869424, -0.0, 0.9978761367573996, 0.0, 28.96782728836764, -1.1088403827918423e-13, -0.19339210072305163, 1.0]}]}}], "connections": [{"sourcePlug": "output3D", "source": "endMidAutoDirVector", "destinationPlug": "vector2", "destination": "autoMidAngle"}, {"sourcePlug": "output3D", "source": "startMidAutoDirVector", "destinationPlug": "vector1", "destination": "autoMidAngle"}, {"sourcePlug": "axisAngle.angle", "source": "autoMidAngle", "destinationPlug": "inputValue", "destination": "midAutoAngleRemap"}, {"sourcePlug": "outputTranslate", "source": "midBendyDecomp", "destinationPlug": "input3D[0]", "destination": "startMidAutoDirVector"}, {"sourcePlug": "outputMatrix", "source": "endMidPosition", "destinationPlug": "inputMatrix", "destination": "endMidRotation"}, {"sourcePlug": "outputMatrix", "source": "endMidRotation", "destinationPlug": "matrixIn[1]", "destination": "endMidPosTargetOffset"}, {"sourcePlug": "outValue", "source": "midAutoAngleRemap", "destinationPlug": "input2", "destination": "midAutoRoundnessBlend"}, {"sourcePlug": "outputMatrix", "source": "startMidPosition", "destinationPlug": "inputMatrix", "destination": "startMidRotation"}, {"sourcePlug": "outputMatrix", "source": "startMidRotation", "destinationPlug": "matrixIn[1]", "destination": "startMidPosTargetOffset"}, {"sourcePlug": "outputTranslate", "source": "midBendyDecomp", "destinationPlug": "input3D[1]", "destination": "endMidAutoDirVector"}, {"sourcePlug": "outputMatrix", "source": "endMidRotation", "destinationPlug": "inputMatrix", "destination": "endMidBendyRoundness"}, {"sourcePlug": "output", "source": "midAutoRoundnessBlend", "destinationPlug": "target[0].weight", "destination": "endMidBendyRoundness"}, {"sourcePlug": "matrixSum", "source": "endMidPosTargetOffset", "destinationPlug": "target[0].targetMatrix", "destination": "endMidBendyRoundness"}, {"sourcePlug": "outputMatrix", "source": "startMidRotation", "destinationPlug": "inputMatrix", "destination": "startMidBendyRoundness"}, {"sourcePlug": "output", "source": "midAutoRoundnessBlend", "destinationPlug": "target[0].weight", "destination": "startMidBendyRoundness"}, {"sourcePlug": "matrixSum", "source": "startMidPosTargetOffset", "destinationPlug": "target[0].targetMatrix", "destination": "startMidBendyRoundness"}], "inputs": {"primaryEndSrtWorldMtx": ["endTranslateScaleOnly:inputMatrix", "endMidPosition:inputMatrix"], "roundnessMaxAngle": ["midAutoAngleRemap:inputMax"], "primaryStartSrtWorldTranslate": ["startMidAutoDirVector:input3D[1]"], "bendyCtrlWorldMtx": ["endMidPosition:target[0].targetMatrix", "endMidRotation:primary.primaryTargetMatrix", "startMidRotation:primary.primaryTargetMatrix", "midBendyDecomp:inputMatrix", "startMidPosition:target[0].targetMatrix"], "positionBlend": ["endMidPosition:target[0].weight", "startMidPosition:target[0].weight"], "blendWeightsDummy": ["endMidPosition:target[0].scaleWeight", "endMidPosition:target[0].shearWeight", "endMidPosition:target[0].rotateWeight", "startMidPosition:target[0].shearWeight", "startMidPosition:target[0].scaleWeight", "startMidPosition:target[0].rotateWeight", "endMidBendyRoundness:target[0].scaleWeight", "endMidBendyRoundness:target[0].shearWeight", "endMidBendyRoundness:target[0].rotateWeight", "startMidBendyRoundness:target[0].shearWeight", "startMidBendyRoundness:target[0].rotateWeight", "startMidBendyRoundness:target[0].scaleWeight"], "endUpVectorMtx": ["endMidRotation:secondary.secondaryTargetMatrix"], "endSegmentAutoLocalTargetOffset": ["endMidPosTargetOffset:matrixIn[0]"], "roundnessAuto": ["midAutoRoundnessBlend:input1"], "startUpVectorMtx": ["startMidRotation:secondary.secondaryTargetMatrix"], "startSegmentAutoLocalTargetOffset": ["startMidPosTargetOffset:matrixIn[0]"], "primaryEndSrtWorldTranslate": ["endMidAutoDirVector:input3D[0]"], "primaryStartSrtWorldMtx": ["startMidPosition:inputMatrix"]}, "outputs": {"bendyEndCtrlTROnlyWorldMtx": "endTranslateScaleOnly:outputMatrix", "endPositionMtx": "endMidRotation:outputMatrix", "startRotationMtx": "startMidRotation:outputMatrix", "startPositionMtx": "startMidPosition:outputMatrix", "endMidBendyCtrlSrtWorldMtx": "endMidBendyRoundness:outputMatrix", "startMidBendyCtrlSrtWorldMtx": "startMidBendyRoundness:outputMatrix"}}